camera_matrix:
- [685.280522801457, 0.0, 288.74827607832674]
- [0.0, 685.3152064496628, 244.52000446014304]
- [0.0, 0.0, 1.0]
dist_coeff:
- [0.14809125898215594, -1.8260386634819148, 0.010629285921751134, -0.014512440254635134,
  3.944034449590533]
